 0.         1.50         1.7      11.
 0.         1.55         2.4      11.
 0.         1.60         3.9      11.
 0.         1.65         5.4      11.
 0.         1.70         9.0      11.
 0.         1.75        14.2      11.
 0.         1.80        28.3      11.
 0.         1.85        42.2      11.
 0.         1.90        53.3      11.
 0.         1.95        62.1      11.
 0.         2.00        67.6      11.
 0.         2.05        76.8      11.
 0.         2.10        79.5      11.
 0.         2.15        80.5      11.
 0.         2.20        96.9      11.
 0.         2.25       116.8      11.
 0.         2.30       114.4      11.
 0.         2.35       109.2      11.
 0.         2.40       108.3      11.
 0.         2.45       107.7      11.
 0.         2.50       106.9      11.
 0.         2.55       106.0      11.
 0.         2.60       100.6      11.
 0.         2.65        85.8      11.
 0.         2.70        70.8      11.
 0.         2.75        59.7      11.
 0.         2.80        55.0      11.
 0.         2.85        59.4      11.
 0.         2.90        57.7      11.
 0.         2.95        54.7      11.
 0.         3.00        48.5      11.
 0.         3.05        40.0      11.
 0.         3.10        40.5      11.
 0.         3.15        38.6      11.
 0.         3.20        33.2      11.
 0.         3.25        29.0      11.
 0.         3.30        27.0      11.
 0.         3.35        31.5      11.
 0.         3.40        35.6      11.
 0.         3.45        39.7      11.
 0.         3.50        47.9      11.
 0.         3.55        58.7      11.
 0.         3.60        76.9      11.
 0.         3.65        89.6      11.
 0.         3.70        89.5      11.
 0.         3.75       100.3      11.
 0.         3.80       113.9      11.
 0.         3.85       118.9      11.
 0.         3.90       128.0      11.
 0.         3.95       139.7      11.
 0.         4.00       135.2      11.
 0.         4.05       144.3      11.
 0.         4.10       148.4      11.
 0.         4.15       149.2      11.
 0.         4.20       142.5      11.
 0.         4.25       132.6      11.
 0.         4.30       123.1      11.
 0.         4.35       113.9      11.
 0.         4.40       109.5      11.
 0.         4.45       107.2      11.
 0.         4.50       103.9      11.
 0.         4.55        93.4      11.
 0.         4.60        81.8      11.
 0.         4.65        69.5      11.
 0.         4.70        71.5      11.
 0.         4.75        74.1      11.
 0.         4.80        71.8      11.
 0.         4.85        61.6      11.
 0.         4.90        72.9      11.
 0.         4.95        71.3      11.
 0.         5.00        78.7      11.
 0.         5.05        68.4      11.
 0.         5.10        47.6      11.
 0.         5.15        60.4      11.
 0.         5.20        65.4      11.
 0.         5.25        66.4      11.
 0.         5.30        53.9      11.
 0.         5.35        52.1      11.
 0.         5.40        52.0      11.
 0.         5.45        48.6      11.
 0.         5.50        45.1      11.
 0.         5.55        43.5      11.
 0.         5.60        41.9      11.
 0.         5.65        41.2      11.
 0.         5.70        35.7      11.
 0.         5.75        34.6      11.
 0.         5.80        36.4      11.
 0.         5.85        40.4      11.
 0.         5.90        45.5      11.
 0.         5.95        45.9      11.
 0.         6.00        43.5      11.
 0.         6.05        36.4      11.
 0.         6.10        34.9      11.
 0.         6.15        35.2      11.
 0.         6.20        34.6      11.
 0.         6.25        33.8      11.
 0.         6.30        32.4      11.
 0.         6.35        29.5      11.
 0.         6.40        30.2      11.
 0.         6.45        30.7      11.
 0.         6.50        28.6      11.
 0.         6.55        27.2      11.
 0.         6.60        25.5      11.
 0.         6.65        24.6      11.
 0.         6.70        25.2      11.
 0.         6.75        24.2      11.
 0.         6.80        17.9      11.
 0.         6.85        18.8      11.
 0.         6.90        22.4      11.
 0.         6.95        23.8      11.
 0.         7.00        26.0      11.
 0.         7.05        30.5      11.
 0.         7.10        34.8      11.
 0.         7.15        27.4      11.
 0.         7.20        21.4      11.
 0.         7.25        21.2      11.
 0.         7.30        20.8      11.
 0.         7.35        19.2      11.
 0.         7.40        18.6      11.
 0.         7.45        19.6      11.
 0.         7.50        22.8      11.
 0.         7.55        28.0      11.
 0.         7.60        31.5      11.
 0.         7.65        32.9      11.
 0.         7.70        34.2      11.
 0.         7.75        35.3      11.
 0.         7.80        35.1      11.
 0.         7.85        34.8      11.
 0.         7.90        36.9      11.
 4.44       1.50         3.5      11.
 4.44       1.55         5.4      11.
 4.44       1.60        14.6      11.
 4.44       1.65        25.3      11.
 4.44       1.70        46.3      11.
 4.44       1.75        77.4      11.
 4.44       1.80       143.0      11.
 4.44       1.85       211.9      11.
 4.44       1.90       248.5      11.
 4.44       1.95       232.8      11.
 4.44       2.00       172.5      11.
 4.44       2.05       125.0      11.
 4.44       2.10       103.9      11.
 4.44       2.15        86.4      11.
 4.44       2.20        82.2      11.
 4.44       2.25        75.7      11.
 4.44       2.30        65.4      11.
 4.44       2.35        55.9      11.
 4.44       2.40        58.9      11.
 4.44       2.45        61.4      11.
 4.44       2.50        73.0      11.
 4.44       2.55        91.1      11.
 4.44       2.60       103.2      11.
 4.44       2.65       111.2      11.
 4.44       2.70       109.1      11.
 4.44       2.75       102.9      11.
 4.44       2.80        94.7      11.
 4.44       2.85        85.3      11.
 4.44       2.90        76.6      11.
 4.44       2.95        68.3      11.
 4.44       3.00        60.7      11.
 4.44       3.05        58.6      11.
 4.44       3.10        59.6      11.
 4.44       3.15        61.2      11.
 4.44       3.20        61.8      11.
 4.44       3.25        61.6      11.
 4.44       3.30        62.7      11.
 4.44       3.35        65.0      11.
 4.44       3.40        66.6      11.
 4.44       3.45        66.8      11.
 4.44       3.50        67.9      11.
 4.44       3.55        72.3      11.
 4.44       3.60        76.9      11.
 4.44       3.65        81.4      11.
 4.44       3.70        84.4      11.
 4.44       3.75        85.9      11.
 4.44       3.80        86.7      11.
 4.44       3.85        87.1      11.
 4.44       3.90        92.1      11.
 4.44       3.95       140.1      11.
 4.44       4.00       345.1      11.
 4.44       4.05       278.1      11.
 4.44       4.10       240.3      11.
 4.44       4.15       219.3      11.
 4.44       4.20       203.9      11.
 4.44       4.25       220.4      11.
 4.44       4.30       236.2      11.
 4.44       4.35       251.2      11.
 4.44       4.40       253.1      11.
 4.44       4.45       260.4      11.
 4.44       4.50       265.8      11.
 4.44       4.55       265.2      11.
 4.44       4.60       262.3      11.
 4.44       4.65       255.3      11.
 4.44       4.70       247.9      11.
 4.44       4.75       251.7      11.
 4.44       4.80       258.6      11.
 4.44       4.85       270.8      11.
 4.44       4.90       300.9      11.
 4.44       4.95       322.1      11.
 4.44       5.00       326.1      11.
 4.44       5.05       354.4      11.
 4.44       5.10       344.5      11.
 4.44       5.15       326.3      11.
 4.44       5.20       330.5      11.
 4.44       5.25       339.2      11.
 4.44       5.30       339.1      11.
 4.44       5.35       328.4      11.
 4.44       5.40       319.4      11.
 4.44       5.45       319.9      11.
 4.44       5.50       320.2      11.
 4.44       5.55       325.1      11.
 4.44       5.60       324.3      11.
 4.44       5.65       318.2      11.
 4.44       5.70       331.0      11.
 4.44       5.75       337.1      11.
 4.44       5.80       334.4      11.
 4.44       5.85       295.2      11.
 4.44       5.90       257.9      11.
 4.44       5.95       251.7      11.
 4.44       6.00       244.0      11.
 4.44       6.05       232.1      11.
 4.44       6.10       217.5      11.
 4.44       6.15       205.7      11.
 4.44       6.20       193.7      11.
 4.44       6.25       182.4      11.
 4.44       6.30       175.4      11.
 4.44       6.35       164.1      11.
 4.44       6.40       155.9      11.
 4.44       6.45       152.9      11.
 4.44       6.50       146.9      11.
 4.44       6.55       141.5      11.
 4.44       6.60       134.5      11.
 4.44       6.65       128.2      11.
 4.44       6.70       121.4      11.
 4.44       6.75       119.9      11.
 4.44       6.80       117.1      11.
 4.44       6.85       115.9      11.
 4.44       6.90       116.9      11.
 4.44       6.95       116.5      11.
 4.44       7.00       115.7      11.
 4.44       7.05       109.7      11.
 4.44       7.10       103.0      11.
 4.44       7.15       102.5      11.
 4.44       7.20       100.9      11.
 4.44       7.25        93.7      11.
 4.44       7.30        87.8      11.
 4.44       7.35        85.5      11.
 4.44       7.40        88.9      11.
 4.44       7.45       101.2      11.
 4.44       7.50       110.0      11.
 4.44       7.55       114.8      11.
 4.44       7.60       119.2      11.
 4.44       7.65       123.1      11.
 4.44       7.70       126.5      11.
 4.44       7.75       129.5      11.
 4.44       7.80       128.8      11.
 4.44       7.85       127.9      11.
 4.44       7.90       126.6      11.
 7.65       3.00         0.8      21.
 7.65       3.05         1.0      21.
 7.65       3.10         1.1      21.
 7.65       3.15         1.3      21.
 7.65       3.20         1.4      21.
 7.65       3.25         1.5      21.
 7.65       3.30         1.5      21.
 7.65       3.35         1.2      21.
 7.65       3.40         1.1      21.
 7.65       3.45         1.1      21.
 7.65       3.50         1.1      21.
 7.65       3.55         1.1      21.
 7.65       3.60         1.1      21.
 7.65       3.65         1.1      21.
 7.65       3.70         2.5      21.
 7.65       3.75         5.6      21.
 7.65       3.80        13.1      21.
 7.65       3.85        24.7      21.
 7.65       3.90        39.6      21.
 7.65       3.95        55.9      21.
 7.65       4.00        67.2      21.
 7.65       4.05        76.0      21.
 7.65       4.10        80.6      21.
 7.65       4.15        82.5      21.
 7.65       4.20        81.6      21.
 7.65       4.25        82.0      21.
 7.65       4.30        79.2      21.
 7.65       4.35        72.7      21.
 7.65       4.40        67.5      21.
 7.65       4.45        65.5      21.
 7.65       4.50        63.0      21.
 7.65       4.55        60.0      21.
 7.65       4.60        57.2      21.
 7.65       4.65        55.9      21.
 7.65       4.70        53.2      21.
 7.65       4.75        53.1      21.
 7.65       4.80        55.4      21.
 7.65       4.85        60.8      21.
 7.65       4.90        60.8      21.
 7.65       4.95        56.1      21.
 7.65       5.00        49.2      21.
 7.65       5.05        45.7      21.
 7.65       5.10        42.1      21.
 7.65       5.15        42.6      21.
 7.65       5.20        44.4      21.
 7.65       5.25        47.6      21.
 7.65       5.30        48.1      21.
 7.65       5.35        47.5      21.
 7.65       5.40        46.8      21.
 7.65       5.45        44.3      21.
 7.65       5.50        41.8      21.
 7.65       5.55        42.0      21.
 7.65       5.60        44.0      21.
 7.65       5.65        42.9      21.
 7.65       5.70        42.0      21.
 7.65       5.75        40.1      21.
 7.65       5.80        37.2      21.
 7.65       5.85        36.0      21.
 7.65       5.90        32.5      21.
 7.65       5.95        32.2      21.
 7.65       6.00        27.5      21.
 7.65       6.05        27.4      21.
 7.65       6.10        27.4      21.
 7.65       6.15        29.2      21.
 7.65       6.20        31.8      21.
 7.65       6.25        36.3      21.
 7.65       6.30        32.8      21.
 7.65       6.35        29.4      21.
 7.65       6.40        32.0      21.
 7.65       6.45        39.7      21.
 7.65       6.50        43.8      21.
 7.65       6.55        48.6      21.
 7.65       6.60        51.8      21.
 7.65       6.65        49.6      21.
 7.65       6.70        44.9      21.
 7.65       6.75        38.8      21.
 7.65       6.80        37.3      21.
 7.65       6.85        39.4      21.
 7.65       6.90        41.5      21.
 7.65       6.95        43.1      21.
 7.65       7.00        44.5      21.
 7.65       7.05        46.0      21.
 7.65       7.10        47.7      21.
 7.65       7.15        47.9      21.
 7.65       7.20        47.8      21.
 7.65       7.25        46.4      21.
 7.65       7.30        44.3      21.
 7.65       7.35        40.4      21.
 7.65       7.40        38.2      21.
 7.65       7.45        38.7      21.
 7.65       7.50        39.9      21.
 7.65       7.55        41.7      21.
 7.65       7.60        43.3      21.
 7.65       7.65        44.6      21.
 7.65       7.70        45.7      21.
 7.65       7.75        46.5      21.
 7.65       7.80        43.6      21.
 7.65       7.85        40.8      21.
 7.65       7.90        38.1      21.
 9.64       6.00         6.1      35.
 9.64       6.05         8.0      35.
 9.64       6.10         9.7      35.
 9.64       6.15        11.4      35.
 9.64       6.20        12.9      35.
 9.64       6.25        14.3      35.
 9.64       6.30        16.7      35.
 9.64       6.35        18.0      35.
 9.64       6.40        18.8      35.
 9.64       6.45        19.4      35.
 9.64       6.50        22.0      35.
 9.64       6.55        24.3      35.
 9.64       6.60        26.0      35.
 9.64       6.65        27.8      35.
 9.64       6.70        29.3      35.
 9.64       6.75        30.8      35.
 9.64       6.80        32.2      35.
 9.64       6.85        33.6      35.
 9.64       6.90        34.8      35.
 9.64       6.95        35.8      35.
 9.64       7.00        36.6      35.
 9.64       7.05        38.1      35.
 9.64       7.10        39.6      35.
 9.64       7.15        41.1      35.
 9.64       7.20        42.4      35.
 9.64       7.25        43.9      35.
 9.64       7.30        45.4      35.
 9.64       7.35        47.4      35.
 9.64       7.40        49.5      35.
 9.64       7.45        51.4      35.
 9.64       7.50        51.6      35.
 9.64       7.55        51.7      35.
 9.64       7.60        51.8      35.
 9.64       7.65        51.8      35.
 9.64       7.70        51.9      35.
 9.64       7.75        52.0      35.
 9.64       7.80        52.0      35.
 9.64       7.85        52.1      35.
 9.64       7.90        52.1      35.
